# Green's function G_{lmω}(r,r') for Teukolsky equation
# s=-2, l=2, m=2, a=0.0, r'=10.0M, r=30.0M
# Columns: ω  Re[G]  Im[G]  |G|  Re[ν]  Im[ν]
-3.00000000e+00  -2.4914691903786230e+00  -1.8644703479164102e+00  3.1118593163678612e+00  +2.0000000000000009e+00  +5.5939000509184114e+00
-2.98000000e+00  -1.4294999242911224e+00  -2.7808895317433722e+00  3.1267901466692960e+00  +1.9999999999999991e+00  +5.5572752559012768e+00
-2.96000000e+00  -6.6748937755836235e-02  -3.1411290421100881e+00  3.1418381689512547e+00  +2.0000000000000000e+00  +5.5205595909349778e+00
-2.94000000e+00  +1.3228363718491483e+00  -2.8664909194361465e+00  3.1570027332735875e+00  +2.0000000000000004e+00  +5.4837565315036123e+00
-2.92000000e+00  +2.4571010475208039e+00  -2.0065030355721842e+00  3.1722862401568088e+00  +2.0000000000000009e+00  +5.4468693103993120e+00
-2.90000000e+00  +3.1029364632125289e+00  -7.3016151297000031e-01  3.1876873324961652e+00  +2.0000000000000000e+00  +5.4099009375732727e+00
-2.88000000e+00  +3.1241663329093967e+00  +7.0719035457810109e-01  3.2032067484464450e+00  +2.0000000000000004e+00  +5.3728542179014589e+00
-2.86000000e+00  +2.5102277194098304e+00  +2.0148779821530174e+00  3.2188470740714745e+00  +2.0000000000000000e+00  +5.3357317671171103e+00
-2.84000000e+00  +1.3796120546143698e+00  +2.9256377449446989e+00  3.2346074933262590e+00  +2.0000000000000000e+00  +5.2985360261270342e+00
-2.82000000e+00  -4.2887457781893609e-02  +3.2502061503659632e+00  3.2504890945689584e+00  +2.0000000000000004e+00  +5.2612692738989892e+00
-2.80000000e+00  -1.4707976936430107e+00  +2.9166297814858857e+00  3.2664927885847237e+00  +1.9999999999999991e+00  +5.2239336390821931e+00
-2.78000000e+00  -2.6135965965295944e+00  +1.9861266328014329e+00  3.2826187976848966e+00  +2.0000000000000000e+00  +5.1865311105016803e+00
-2.76000000e+00  -3.2357888216447726e+00  +6.4202392565079502e-01  3.2988670811945915e+00  +1.9999999999999996e+00  +5.1490635466489323e+00
-2.74000000e+00  -3.2054098729172047e+00  -8.4626368898689319e-01  3.3152397627762604e+00  +2.0000000000000009e+00  +5.1115326842755664e+00
-2.72000000e+00  -2.5219784671117864e+00  -2.1771758260503744e+00  3.3317367792359658e+00  +1.9999999999999993e+00  +5.0739401461835021e+00
-2.70000000e+00  -1.3179863197539128e+00  -3.0780524810090433e+00  3.3483570620386933e+00  +1.9999999999999998e+00  +5.0362874482933782e+00
-2.68000000e+00  +1.6666685153343583e-01  -3.3609739674458665e+00  3.3651038392966237e+00  +2.0000000000000000e+00  +4.9985760060631783e+00
-2.66000000e+00  +1.6323977321212502e+00  -2.9619311006098319e+00  3.3819754878760389e+00  +2.0000000000000000e+00  +4.9608071403201572e+00
-2.64000000e+00  +2.7803312074004642e+00  -1.9551943987608094e+00  3.3989743688045908e+00  +2.0000000000000000e+00  +4.9229820825618784e+00
-2.62000000e+00  +3.3732039078576141e+00  -5.3965721721399973e-01  3.4160993129704291e+00  +2.0000000000000000e+00  +4.8851019797754640e+00
-2.60000000e+00  +3.2843869968489536e+00  +1.0003549490382895e+00  3.4333522931875033e+00  +2.0000000000000000e+00  +4.8471678988185216e+00
-2.58000000e+00  +2.5248880914701979e+00  +2.3521248602119544e+00  3.4507319850250795e+00  +2.0000000000000000e+00  +4.8091808304002024e+00
-2.56000000e+00  +1.2425998131302673e+00  +3.2379988308079746e+00  3.4682402921229643e+00  +2.0000000000000000e+00  +4.7711416926963928e+00
-2.54000000e+00  -3.0637798279421291e-01  +3.4723867791802623e+00  3.4858768498853951e+00  +2.0000000000000004e+00  +4.7330513346292422e+00
-2.52000000e+00  -1.8088000301579861e+00  +3.0006255410308320e+00  3.5036425597634961e+00  +2.0000000000000004e+00  +4.6949105388377106e+00
-2.50000000e+00  -2.9575609114093875e+00  +1.9115585903239607e+00  3.5215369924136897e+00  +2.0000000000000000e+00  +4.6567200243628504e+00
-2.48000000e+00  -3.5144370274433716e+00  +4.2097873272040881e-01  3.5395608079630279e+00  +2.0000000000000000e+00  +4.6184804490687883e+00
-2.46000000e+00  -3.3594683626869069e+00  -1.1710264786236679e+00  3.5577142512478424e+00  +1.9999999999999993e+00  +4.5801924118179631e+00
-2.44000000e+00  -2.5167535384484072e+00  -2.5404152017378485e+00  3.5759974511335062e+00  +1.9999999999999998e+00  +4.5418564544170144e+00
-2.42000000e+00  -1.1511210380865158e+00  -3.4051000296918650e+00  3.5944103628457502e+00  +2.0000000000000000e+00  +4.5034730633477631e+00
-2.40000000e+00  +4.6398262324454870e-01  -3.5830369594809652e+00  3.6129536016505241e+00  +2.0000000000000004e+00  +4.4650426712959321e+00
-2.38000000e+00  +2.0011532203576756e+00  -3.0305282097690616e+00  3.6316271066223154e+00  +2.0000000000000000e+00  +4.4265656584887045e+00
-2.36000000e+00  +3.1453398876688770e+00  -1.8526948454155874e+00  3.6504302758976714e+00  +2.0000000000000004e+00  +4.3880423538506861e+00
-2.34000000e+00  +3.6583836872864395e+00  -2.8365419658739116e-01  3.6693638286009693e+00  +2.0000000000000000e+00  +4.3494730359865548e+00
-2.32000000e+00  +3.4285769463083762e+00  +1.3599107804640622e+00  3.6884274708308480e+00  +2.0000000000000000e+00  +4.3108579339973501e+00
-2.30000000e+00  +2.4949274272127169e+00  +2.7425879912726407e+00  3.7076207676798831e+00  +1.9999999999999996e+00  +4.2721972281362879e+00
-2.28000000e+00  +1.0408796746263951e+00  +3.5786423727699628e+00  3.7269440201370050e+00  +2.0000000000000000e+00  +4.2334910503088041e+00
-2.26000000e+00  -6.4159712158484983e-01  +3.6910486713587862e+00  3.7463965567949993e+00  +2.0000000000000000e+00  +4.1947394844205474e+00
-2.24000000e+00  -2.2105367428562848e+00  +3.0489537718539368e+00  3.7659781988774204e+00  +2.0000000000000000e+00  +4.1559425665760363e+00
-2.22000000e+00  -3.3434256282742103e+00  +1.7756535370459596e+00  3.7856888957526111e+00  +2.0000000000000000e+00  +4.1171002851297107e+00
-2.20000000e+00  -3.8034714563687522e+00  +1.2509452301295429e-01  3.8055280525966007e+00  +2.0000000000000000e+00  +4.0782125805902387e+00
-2.18000000e+00  -3.4890865359175294e+00  -1.5686563638078093e+00  3.8254944311599415e+00  +2.0000000000000000e+00  +4.0392793453779205e+00
-2.16000000e+00  -2.4562524549729896e+00  -2.9589485552915153e+00  3.8455887293654509e+00  +2.0000000000000000e+00  +4.0003004234342203e+00
-2.14000000e+00  -9.0884642280139560e-01  -3.7574565853938697e+00  3.8658093345842408e+00  +2.0000000000000000e+00  +3.9612756096814423e+00
-2.12000000e+00  +8.4145725689788775e-01  -3.7939632432895083e+00  3.8861558649413386e+00  +2.0000000000000000e+00  +3.9222046493296756e+00
-2.10000000e+00  +2.4378686623544525e+00  -3.0526271342049740e+00  3.9066271943166475e+00  +2.0000000000000000e+00  +3.8830872370271479e+00
-2.08000000e+00  +3.5511558044380007e+00  -1.6770136180884072e+00  3.9272232203743749e+00  +2.0000000000000000e+00  +3.8439230158491307e+00
-2.06000000e+00  +3.9475230695888799e+00  +5.7526127553304440e-02  3.9479422032607938e+00  +2.0000000000000000e+00  +3.8047115761194639e+00
-2.04000000e+00  +3.5377087137321350e+00  +1.7988496393298901e+00  3.9687835627725470e+00  +2.0000000000000000e+00  +3.7654524540576841e+00
-2.02000000e+00  +2.3969879749329790e+00  +3.1894389304005810e+00  3.9897458619225494e+00  +2.0000000000000000e+00  +3.7261451302435296e+00
-2.00000000e+00  +7.5162509758805640e-01  +3.9397712514195664e+00  4.0108275705689911e+00  +2.0000000000000000e+00  +3.6867890278893327e+00
-1.98000000e+00  -1.0658586496019442e+00  +3.8885982031743653e+00  4.0320281058869352e+00  +2.0000000000000000e+00  +3.6473835109094388e+00
-1.96000000e+00  -2.6837873403649186e+00  +3.0375800315577894e+00  4.0533451538724927e+00  +2.0000000000000000e+00  +3.6079278817742821e+00
-1.94000000e+00  -3.7672894491670585e+00  +1.5528497964174004e+00  4.0747775747933774e+00  +2.0000000000000000e+00  +3.5684213791351347e+00
-1.92000000e+00  -4.0875977925200013e+00  -2.6723101508993191e-01  4.0963237334029623e+00  +2.0000000000000000e+00  +3.5288631752037309e+00
-1.90000000e+00  -3.5703580296404973e+00  -2.0519055262868666e+00  4.1179816352947665e+00  +2.0000000000000000e+00  +3.4892523728690170e+00
-1.88000000e+00  -2.3127432365010492e+00  -3.4334741159828965e+00  4.1397494831337172e+00  +2.0000000000000000e+00  +3.4495880025310628e+00
-1.86000000e+00  -5.6546369077249936e-01  -4.1230294641179741e+00  4.1616248206159820e+00  +2.0000000000000000e+00  +3.4098690186297489e+00
-1.84000000e+00  +1.3170583278277619e+00  -3.9708834323418043e+00  4.1836058456966390e+00  +2.0000000000000000e+00  +3.3700942958431352e+00
-1.82000000e+00  +2.9484846286779645e+00  -2.9990442529532944e+00  4.2056899596525676e+00  +2.0000000000000000e+00  +3.3302626249273621e+00
-1.80000000e+00  +3.9898049295448428e+00  -1.3987069407124697e+00  4.2278747003450281e+00  +2.0000000000000000e+00  +3.2903727081665366e+00
-1.78000000e+00  +4.2197887776032923e+00  +5.0716785316086399e-01  4.2501572393108571e+00  +2.0000000000000000e+00  +3.2504231543972155e+00
-1.76000000e+00  +3.5820045285793163e+00  +2.3289045746141372e+00  4.2725347231381727e+00  +2.0000000000000000e+00  +3.2104124735677559e+00
-1.74000000e+00  +2.1984117141571811e+00  +3.6897216517486258e+00  4.2950040666250970e+00  +2.0000000000000000e+00  +3.1703390707879051e+00
-1.72000000e+00  +3.4630041994392458e-01  +4.3036515803533737e+00  4.3175619168613473e+00  +2.0000000000000000e+00  +3.1302012398184251e+00
-1.70000000e+00  -1.5971231488243056e+00  +4.0356628869602771e+00  4.3402047520478826e+00  +2.0000000000000000e+00  +3.0899971559442063e+00
-1.68000000e+00  -3.2314680870199752e+00  +2.9313412021717196e+00  4.3629287458057435e+00  +2.0000000000000000e+00  +3.0497248681670999e+00
-1.66000000e+00  -4.2156218243642876e+00  +1.2096112038931055e+00  4.3857298857362625e+00  +2.0000000000000000e+00  +3.0093822906464047e+00
-1.64000000e+00  -4.3389701479186460e+00  -7.8046495755424694e-01  4.4086038033031851e+00  +2.0000000000000000e+00  +2.9689671933054607e+00
-1.62000000e+00  -3.5665029371810375e+00  -2.6303336689537464e+00  4.4315458263401322e+00  +2.0000000000000000e+00  +2.9284771915118628e+00
-1.60000000e+00  -2.0481411974199926e+00  -3.9557732679635937e+00  4.4545509888320245e+00  +2.0000000000000000e+00  +2.8879097347262142e+00
-1.58000000e+00  -8.9899109144730455e-02  -4.4767113741190441e+00  4.4776139379128965e+00  +2.0000000000000000e+00  +2.8472620939997446e+00
-1.56000000e+00  +1.9076332748275155e+00  -4.0764563578962676e+00  4.5007289575203320e+00  +2.0000000000000000e+00  +2.8065313481842051e+00
-1.54000000e+00  +3.5311584473590343e+00  -2.8278083785183492e+00  4.5238899418502259e+00  +2.0000000000000000e+00  +2.7657143686977408e+00
-1.52000000e+00  +4.4401812784141805e+00  -9.8021463014413723e-01  4.5470903340849071e+00  +2.0000000000000000e+00  +2.7248078026674674e+00
-1.50000000e+00  +4.4384735898838619e+00  +1.0898654648194488e+00  4.5703232423432203e+00  +2.0000000000000000e+00  +2.6838080542425220e+00
-1.48000000e+00  +3.5164854989254857e+00  +2.9555573175243395e+00  4.5935813175914157e+00  +2.0000000000000000e+00  +2.6427112638397081e+00
-1.46000000e+00  +1.8555277320239194e+00  +4.2275742916821661e+00  4.6168568914361856e+00  +2.0000000000000000e+00  +2.6015132850465372e+00
-1.44000000e+00  -2.0763351840826308e-01  +4.6354941551345368e+00  4.6401419956993823e+00  +2.0000000000000000e+00  +2.5602096588622287e+00
-1.42000000e+00  -2.2489175990456096e+00  +4.0853317348089044e+00  4.6634285403267199e+00  +2.0000000000000000e+00  +2.5187955849047721e+00
-1.40000000e+00  -3.8440555735106603e+00  +2.6811327961094555e+00  4.6867084742505671e+00  +2.0000000000000000e+00  +2.4772658891494626e+00
-1.38000000e+00  -4.6568157800718675e+00  +7.0563691849984322e-01  4.7099741687483077e+00  +2.0000000000000000e+00  +2.4356149876893087e+00
-1.36000000e+00  -4.5099742822669171e+00  -1.4364862708916939e+00  4.7332188659694703e+00  +2.0000000000000000e+00  +2.3938368459173867e+00
-1.34000000e+00  -3.4240253599817945e+00  -3.3014765531627743e+00  4.7564374375031999e+00  +2.0000000000000000e+00  +2.3519249324221136e+00
-1.32000000e+00  -1.6151537520468500e+00  -4.4984571670011508e+00  4.7796274463701707e+00  +2.0000000000000000e+00  +2.3098721667538538e+00
-1.30000000e+00  +5.4761964161108434e-01  -4.7714685009705953e+00  4.8027907436856783e+00  +2.0000000000000000e+00  +2.2676708600594875e+00
-1.28000000e+00  +2.6176781326902328e+00  -4.0543083913814639e+00  4.8259356956750654e+00  +2.0000000000000000e+00  +2.2253126473830425e+00
-1.26000000e+00  +4.1631090504517827e+00  -2.4863840074191828e+00  4.8490805724697355e+00  +2.0000000000000000e+00  +2.1827884101855060e+00
-1.24000000e+00  +4.8569607778135699e+00  -3.8578807533211207e-01  4.8722582481112244e+00  +2.0000000000000000e+00  +2.1400881873327813e+00
-1.22000000e+00  +4.5465320853424140e+00  +1.8152666525930532e+00  4.8955231613244798e+00  +2.0000000000000000e+00  +2.0972010724208472e+00
-1.20000000e+00  +3.2869273112558877e+00  +3.6595476090197918e+00  4.9189612574366075e+00  +2.0000000000000000e+00  +2.0541150948294544e+00
-1.18000000e+00  +1.3314438430127820e+00  +4.7599981921277035e+00  4.9427042695427019e+00  +2.0000000000000000e+00  +2.0108170812906443e+00
-1.16000000e+00  -9.1962469170310879e-01  +4.8810739683365698e+00  4.9669500357828191e+00  +2.0000000000000000e+00  +1.9672924939864767e+00
-1.14000000e+00  -3.0013625155301282e+00  +3.9889593397129399e+00  4.9919909418499984e+00  +2.0000000000000000e+00  +1.9235252401974896e+00
-1.12000000e+00  -4.4806287600688517e+00  +2.2598288113651135e+00  5.0182527180515724e+00  +2.0000000000000000e+00  +1.8794974472355943e+00
-1.10000000e+00  -5.0461516999262743e+00  +4.4185046959080078e-02  5.0463451424811998e+00  +2.0000000000000000e+00  +1.8351891947092702e+00
-1.08000000e+00  -4.5731964400680321e+00  -2.2052343809868140e+00  5.0771236300229301e+00  +2.0000000000000000e+00  +1.7905781939405137e+00
-1.06000000e+00  -3.1491600681267862e+00  -4.0265161645805838e+00  5.1117552326293012e+00  +2.0000000000000000e+00  +1.7456394013761620e+00
-1.04000000e+00  -1.0551500511077945e+00  -5.0425622452900232e+00  5.1517740272625643e+00  +2.0000000000000000e+00  +1.7003445488144784e+00
-1.02000000e+00  +1.2914290582037904e+00  -5.0361594643313925e+00  5.1991048424269914e+00  +2.0000000000000000e+00  +1.6546615677675398e+00
-1.00000000e+00  +3.4196930903222511e+00  -3.9914588495807859e+00  5.2560483806653187e+00  +2.0000000000000000e+00  +1.6085538776570236e+00
-9.80000000e-01  +4.8955023649930824e+00  -2.0958665063600290e+00  5.3252793183207450e+00  +2.0000000000000000e+00  +1.5619794968229299e+00
-9.60000000e-01  +5.4019330900931770e+00  +2.9492900986320303e-01  5.4099782098177167e+00  +2.0000000000000000e+00  +1.5148899200157213e+00
-9.40000000e-01  +4.7963897963533464e+00  +2.7201083868871523e+00  5.5140134852008043e+00  +2.0000000000000000e+00  +1.4672286837951374e+00
-9.20000000e-01  +3.1341544184347221e+00  +4.6899960116603916e+00  5.6408320758540818e+00  +2.0000000000000000e+00  +1.4189295083087292e+00
-9.00000000e-01  +6.6109441784508327e-01  +5.7483355711006920e+00  5.7862256840955872e+00  +2.0000000000000000e+00  +1.3699138540831171e+00
-8.80000000e-01  -2.1772963705987514e+00  +5.4979808885311261e+00  5.9134096201832671e+00  +2.0000000000000000e+00  +1.3200876552871663e+00
-8.60000000e-01  -4.6115457187685616e+00  +3.6609163013908712e+00  5.8880100273421805e+00  +2.0000000000000000e+00  +1.2693368682509207e+00
-8.40000000e-01  -5.3153859938088752e+00  +4.6835004869650154e-01  5.3359797630138726e+00  +2.0000000000000000e+00  +1.2175212731587337e+00
-8.20000000e-01  -2.6348267817587345e+00  -2.1990531701856235e+00  3.4319305085005043e+00  +2.0000000000000000e+00  +1.1644656266706568e+00
-8.00000000e-01  +3.0772809862872292e+00  +6.2105792220496681e-01  3.1393265537848167e+00  +2.0000000000000000e+00  +1.1099466644118583e+00
-7.80000000e-01  +3.5185428993883909e+00  +1.4761661637064597e+01  1.5175203406281614e+01  +2.0000000000000000e+00  +1.0536733495935409e+00
-7.60000000e-01  -2.0793901729029397e+01  +3.2656316348271467e+01  3.8714614121219313e+01  +2.0000000000000000e+00  +9.9525562287069613e-01
-7.40000000e-01  -7.5280227636760529e+01  +1.2501587421413994e+01  7.6311220414154960e+01  +2.0000000000000000e+00  +9.3415247785553734e-01
-7.20000000e-01  -9.2403147183890752e+01  -8.6273676246633499e+01  1.2641791337700805e+02  +2.0000000000000000e+00  +8.6958027594628629e-01
-7.00000000e-01  +2.9292555042816215e+01  -1.8069868323947748e+02  1.8305755353280955e+02  +1.9999999999999998e+00  +8.0033776369250120e-01
-6.80000000e-01  +2.2305948866092240e+02  -9.1745446518269901e+01  2.4119030336750458e+02  +2.0000000000000000e+00  +7.2443570224366260e-01
-6.60000000e-01  +2.3992017327752234e+02  +1.8276136222206935e+02  3.0160140096952927e+02  +2.0000000000000004e+00  +6.3818971033138594e-01
-6.40000000e-01  -4.9025638890863554e+01  +3.6695245289734532e+02  3.7021293326413621e+02  +1.9999999999999989e+00  +5.3343382032050957e-01
-6.20000000e-01  -4.2180932909248185e+02  +1.7079989612702207e+02  4.5507770174603280e+02  +1.9999999999999964e+00  +3.8441261499029628e-01
-6.00000000e-01  -3.9333813556408506e+02  -3.5450225070459487e+02  5.2951556600694369e+02  +1.7878302655744802e+00  -6.7333472136680043e-14
-5.80000000e-01  +1.3139130712683632e+02  -6.9119051544228819e+02  7.0356805230615373e+02  +1.4999999999999996e+00  +2.7670324015758990e-01
-5.60000000e-01  +8.3022275424367422e+02  -2.8841910056490053e+02  8.7889441870717235e+02  +1.5000000000000018e+00  +3.5081536817827597e-01
-5.40000000e-01  +8.2517119549169479e+02  +7.1897416888172381e+02  1.0944548219951148e+03  +1.5000000000000004e+00  +3.7257536329580160e-01
-5.20000000e-01  -2.7272285815101128e+02  +1.3246875552379772e+03  1.3524699169890714e+03  +1.5000000000000000e+00  +3.7329188439024502e-01
-5.00000000e-01  -1.5823470614152041e+03  +4.8687675482148035e+02  1.6555576695345974e+03  +1.5000000000000000e+00  +3.6188061539416749e-01
-4.80000000e-01  -1.4128973945714260e+03  -1.4241969042434239e+03  2.0061445286028811e+03  +1.5000000000000000e+00  +3.4192647959963207e-01
-4.60000000e-01  +7.8179741964704772e+02  -2.2736603778828667e+03  2.4043166844908851e+03  +1.5000000000000000e+00  +3.1491095230378535e-01
-4.40000000e-01  +2.8278289414083133e+03  -2.7578605605273719e+02  2.8412452323901198e+03  +1.5000000000000000e+00  +2.8106762460939055e-01
-4.20000000e-01  +1.5554211460089841e+03  +2.8944264258161470e+03  3.2858848543299164e+03  +1.5000000000000000e+00  +2.3935425109245939e-01
-4.00000000e-01  -2.3969871951070513e+03  +2.7781749080439695e+03  3.6693055791514948e+03  +1.5000000000000000e+00  +1.8624685314475173e-01
-3.80000000e-01  -3.6335131492315190e+03  -1.3869013330477892e+03  3.8892046890396609e+03  +1.5000000000000000e+00  +1.0805911705055918e-01
-3.60000000e-01  +5.6641040609367444e+01  -3.8613971435144294e+03  3.8618125417247675e+03  +1.6066167352463319e+00  -1.7454278355841503e-17
-3.40000000e-01  +3.3547880618700274e+03  -1.2698797066332920e+03  3.5870875943284004e+03  +1.6847877144372021e+00  -3.4106917524375814e-18
-3.20000000e-01  +2.2138866854173616e+03  +2.2332343152170743e+03  3.1446191760738448e+03  +1.7375329132632382e+00  -2.0056154973772383e-18
-3.00000000e-01  -8.3493759774781449e+02  +2.4950615938066089e+03  2.6310555199428359e+03  +1.7792805424199194e+00  -4.2607169661826360e-19
-2.80000000e-01  -2.0795749710999121e+03  +3.9811300289923201e+02  2.1173393737194433e+03  +1.8141845723742256e+00  -4.0613754765429442e-19
-2.60000000e-01  -1.1103467573516216e+03  -1.2125742228771212e+03  1.6441429887778359e+03  +1.8441363975819305e+00  -1.9632127928899146e-19
-2.40000000e-01  +2.9501936214641870e+02  -1.1956109218630254e+03  1.2314714371512775e+03  +1.8701862772269970e+00  -1.9136376368723860e-19
-2.20000000e-01  +8.2489917214462639e+02  -3.2643644896949883e+02  8.8714113838819708e+02  +1.8929886645575951e+00  +1.8754277618204162e-19
-2.00000000e-01  +5.2254571969586448e+02  +3.1786527101451122e+02  6.1163090151626386e+02  +1.9129832302687764e+00  -4.6124483429322616e-20
-1.80000000e-01  +5.1398227008577500e+01  +3.9736183312417654e+02  4.0067219040436436e+02  +1.9304810878649632e+00  +1.3651859379591786e-19
-1.60000000e-01  -1.6623300734090992e+02  +1.8250685974753040e+02  2.4686467261337282e+02  +1.9457105709683600e+00  +6.7497841586838057e-20
-1.40000000e-01  -1.4093934164137943e+02  -5.9793259556706280e-01  1.4094060999475741e+02  +1.9588435380566571e+00  +8.9161114639168118e-20
-1.20000000e-01  -5.0625140268026804e+01  -5.2417460124839245e+01  7.2873142879228837e+01  +1.9700114182847774e+00  -2.7648800289686772e-21
-1.00000000e-01  -6.9576282612990870e-01  -3.2828267829283419e+01  3.2835640005661361e+01  +1.9793154547208427e+00  -1.0990186312484112e-20
-8.00000000e-02  +7.1566626050845334e+00  -9.5906336669170749e+00  1.1966539757842222e+01  +1.9868334668842529e+00  -3.4173952144542938e-22
-6.00000000e-02  +2.6018291655452055e+00  -1.2923360265204071e+00  2.9051071257570200e+00  +1.9926244151068975e+00  -2.7234895274353715e-21
-4.00000000e-02  -3.1773598331682512e-03  -3.2447476791515550e-01  3.2449032439982467e-01  +1.9967315077104126e+00  -1.0610276065781051e-23
-2.00000000e-02  -4.9327848519494832e-01  -2.3732437110541701e-01  5.4739978176539728e-01  +1.9991842926399053e+00  +2.4647219734608169e-30
+2.00000000e-02  -4.9327848519494827e-01  +2.3732437110541726e-01  5.4739978176539728e-01  +1.9991842926399053e+00  -2.4647219734608169e-30
+4.00000000e-02  -3.1773598331683544e-03  +3.2447476791515562e-01  3.2449032439982478e-01  +1.9967315077104126e+00  +1.0610276065781051e-23
+6.00000000e-02  +2.6018291655452082e+00  +1.2923360265204067e+00  2.9051071257570222e+00  +1.9926244151068975e+00  +2.7234895274353715e-21
+8.00000000e-02  +7.1566626050845352e+00  +9.5906336669170784e+00  1.1966539757842227e+01  +1.9868334668842529e+00  +3.4173952144542938e-22
+1.00000000e-01  -6.9576282612988261e-01  +3.2828267829283533e+01  3.2835640005661475e+01  +1.9793154547208427e+00  +1.0990186312484112e-20
+1.20000000e-01  -5.0625140268026740e+01  +5.2417460124839337e+01  7.2873142879228865e+01  +1.9700114182847774e+00  +2.7648800289686772e-21
+1.40000000e-01  -1.4093934164137914e+02  +5.9793259556693046e-01  1.4094060999475712e+02  +1.9588435380566571e+00  -8.9161114639168118e-20
+1.60000000e-01  -1.6623300734091134e+02  -1.8250685974752980e+02  2.4686467261337333e+02  +1.9457105709683600e+00  -6.7497841586838057e-20
+1.80000000e-01  +5.1398227008574032e+01  -3.9736183312417648e+02  4.0067219040436385e+02  +1.9304810878649632e+00  -1.3651859379591786e-19
+2.00000000e-01  +5.2254571969584413e+02  -3.1786527101448513e+02  6.1163090151623294e+02  +1.9129832302687764e+00  +4.6124483429322616e-20
+2.20000000e-01  +8.2489917214458160e+02  +3.2643644896954231e+02  8.8714113838817138e+02  +1.8929886645575951e+00  -1.8754277618204162e-19
+2.40000000e-01  +2.9501936214639682e+02  +1.1956109218631232e+03  1.2314714371513674e+03  +1.8701862772269970e+00  +1.9136376368723860e-19
+2.60000000e-01  -1.1103467573515020e+03  +1.2125742228773186e+03  1.6441429887779007e+03  +1.8441363975819305e+00  +1.9632127928899146e-19
+2.80000000e-01  -2.0795749710997811e+03  -3.9811300289972985e+02  2.1173393737194083e+03  +1.8141845723742256e+00  +4.0613754765429442e-19
+3.00000000e-01  -8.3493759774646639e+02  -2.4950615938062456e+03  2.6310555199420637e+03  +1.7792805424199194e+00  +4.2607169661826360e-19
+3.20000000e-01  +2.2138866854158400e+03  -2.2332343152130798e+03  3.1446191760699367e+03  +1.7375329132632382e+00  +2.0056154973772383e-18
+3.40000000e-01  +3.3547880618469526e+03  +1.2698797066391137e+03  3.5870875943088809e+03  +1.6847877144372021e+00  +3.4106917524375814e-18
+3.60000000e-01  +5.6641040632284742e+01  +3.8613971434515415e+03  3.8618125416622224e+03  +1.6066167352463319e+00  +1.7454278355841503e-17
+3.80000000e-01  -3.6335131491821612e+03  +1.3869013316181624e+03  3.8892046884837391e+03  +1.5000000000000000e+00  +1.0805911705055918e-01
+4.00000000e-01  -2.3969871903893227e+03  -2.7781749091185825e+03  3.6693055768832533e+03  +1.5000000000000000e+00  +1.8624685314475173e-01
+4.20000000e-01  +1.5554211569996303e+03  -2.8944264096283055e+03  3.2858848452731681e+03  +1.5000000000000000e+00  +2.3935425109245939e-01
+4.40000000e-01  +2.8278289013457484e+03  +2.7578613497969121e+02  2.8412452001777915e+03  +1.5000000000000000e+00  +2.8106762460939055e-01
+4.60000000e-01  +7.8179697259608179e+02  +2.2736603873586482e+03  2.4043165480868524e+03  +1.5000000000000000e+00  +3.1491095230378535e-01
+4.80000000e-01  -1.4128983555692050e+03  +1.4241948621738954e+03  2.0061437557195857e+03  +1.5000000000000000e+00  +3.4192647959963207e-01
+5.00000000e-01  -1.5823397128299498e+03  -4.8688464247392665e+02  1.6555529655905700e+03  +1.5000000000000000e+00  +3.6188061539416755e-01
+5.20000000e-01  -2.7267741119629744e+02  -1.3246696464283918e+03  1.3524432123920899e+03  +1.5000000000000002e+00  +3.7329188439024530e-01
+5.40000000e-01  +8.2517331721458117e+02  -7.1875825580464573e+02  1.0943145954113252e+03  +1.5000000000000000e+00  +3.7257536329580110e-01
+5.60000000e-01  +8.2931641208613405e+02  +2.8882109521740961e+02  8.7817044837434753e+02  +1.5000000000000002e+00  +3.5081536817827386e-01
+5.80000000e-01  +1.2693414988572374e+02  +6.8743872773529642e+02  6.9905957027819477e+02  +1.4999999999999984e+00  +2.7670324015759740e-01
+6.00000000e-01  -3.9333813556404925e+02  +3.5450225070461403e+02  5.2951556600692993e+02  +1.7878302655744802e+00  +6.7333472136680043e-14
+6.20000000e-01  -4.7511035818533622e+02  -1.2510022613623951e+02  4.9130430390373823e+02  +2.0000000000000004e+00  +3.8441261499029800e-01
+6.40000000e-01  -1.3716558453400481e+02  -4.3241667912877904e+02  4.5365028597953807e+02  +2.0000000000000009e+00  +5.3343382032050957e-01
+6.60000000e-01  +3.1806578027732604e+02  -4.5700772310685784e+02  5.5679610232358732e+02  +2.0000000000000000e+00  +6.3818971033138538e-01
+6.80000000e-01  -9.5054400517461715e+02  -1.1400644927235269e+03  1.4843452945128217e+03  +2.0000000000000000e+00  +7.2443570224366172e-01
+7.00000000e-01  -4.5603106589672734e+01  -1.0840477081342755e+02  1.1760628242462562e+02  +2.0000000000000000e+00  +8.0033776369250098e-01
+7.20000000e-01  +1.5992453686754828e+01  -2.5749270862918216e+01  3.0311442144756608e+01  +2.0000000000000000e+00  +8.6958027594628629e-01
+7.40000000e-01  +1.1628337391420628e+01  +1.5615063482379306e+00  1.1732712071993348e+01  +2.0000000000000000e+00  +9.3415247785553734e-01
+7.60000000e-01  +2.8278523678123952e+00  +7.2294541479211780e+00  7.7628446004693989e+00  +2.0000000000000000e+00  +9.9525562287069635e-01
+7.80000000e-01  -2.4458297077142594e+00  +6.2675210832902479e+00  6.7278453823364117e+00  +2.0000000000000000e+00  +1.0536733495935406e+00
+8.00000000e-01  -5.0514401669472893e+00  +3.7429408740140517e+00  6.2870226774375109e+00  +2.0000000000000000e+00  +1.1099466644118585e+00
+8.20000000e-01  -6.0093520672195631e+00  +8.8613744318863197e-01  6.0743355057172241e+00  +2.0000000000000000e+00  +1.1644656266706568e+00
+8.40000000e-01  -5.6623053243951027e+00  -1.8961666521253566e+00  5.9713607795296886e+00  +2.0000000000000000e+00  +1.2175212731587337e+00
+8.60000000e-01  -4.1755534240666377e+00  -4.1909661809954066e+00  5.9160327862074809e+00  +2.0000000000000000e+00  +1.2693368682509205e+00
+8.80000000e-01  -1.8513797067780211e+00  -5.5794852428439690e+00  5.8786275944120749e+00  +2.0000000000000000e+00  +1.3200876552871663e+00
+9.00000000e-01  +8.3178988773918228e-01  -5.7874887428349755e+00  5.8469565045232486e+00  +2.0000000000000000e+00  +1.3699138540831168e+00
+9.20000000e-01  +3.3124382767758918e+00  -4.7813899255453913e+00  5.8166946763223697e+00  +2.0000000000000000e+00  +1.4189295083087292e+00
+9.40000000e-01  +5.0728102423079857e+00  -2.7840175631915622e+00  5.7865497100278924e+00  +2.0000000000000000e+00  +1.4672286837951374e+00
+9.60000000e-01  +5.7518418909765270e+00  -2.2505991241960002e-01  5.7562433151292991e+00  +2.0000000000000000e+00  +1.5148899200157213e+00
+9.80000000e-01  +5.2199361994428841e+00  +2.3530369189225415e+00  5.7257765122354112e+00  +2.0000000000000000e+00  +1.5619794968229299e+00
+1.00000000e+00  +3.6027824155159593e+00  +4.4108102808477501e+00  5.6951987206052097e+00  +2.0000000000000000e+00  +1.6085538776570234e+00
+1.02000000e+00  +1.2512886275657653e+00  +5.5246186105238522e+00  5.6645506460108477e+00  +2.0000000000000000e+00  +1.6546615677675398e+00
+1.04000000e+00  -1.3349246835961466e+00  +5.4734206842657356e+00  5.6338581716104876e+00  +2.0000000000000000e+00  +1.7003445488144782e+00
+1.06000000e+00  -3.6138065204684859e+00  +4.2820027922179191e+00  5.6031371105785555e+00  +2.0000000000000000e+00  +1.7456394013761620e+00
+1.08000000e+00  -5.1143909498097955e+00  +2.2123797646656902e+00  5.5723979587425871e+00  +2.0000000000000000e+00  +1.7905781939405139e+00
+1.10000000e+00  -5.5338425572509875e+00  -2.9403786757655259e-01  5.5416488264785526e+00  +2.0000000000000000e+00  +1.8351891947092702e+00
+1.12000000e+00  -4.7981157061626227e+00  -2.7107324978137637e+00  5.5108969328438802e+00  +2.0000000000000000e+00  +1.8794974472355943e+00
+1.14000000e+00  -3.0741846329316607e+00  -4.5366755298753594e+00  5.4801492699307968e+00  +2.0000000000000000e+00  +1.9235252401974896e+00
+1.16000000e+00  -7.3204775739294814e-01  -5.4000191237493631e+00  5.4494128542406184e+00  +2.0000000000000000e+00  +1.9672924939864767e+00
+1.18000000e+00  +1.7348422062123499e+00  -5.1334759940629420e+00  5.4186947932206184e+00  +2.0000000000000000e+00  +2.0108170812906443e+00
+1.20000000e+00  +3.8135909502210392e+00  -3.8061913516361883e+00  5.3880022773638396e+00  +2.0000000000000000e+00  +2.0541150948294544e+00
+1.22000000e+00  +5.0783969494730190e+00  -1.7061663423394491e+00  5.3573425468368958e+00  +2.0000000000000000e+00  +2.0972010724208472e+00
+1.24000000e+00  +5.2775134009451472e+00  +7.2237708379119603e-01  5.3267228525935426e+00  +2.0000000000000000e+00  +2.1400881873327808e+00
+1.26000000e+00  +4.3829430901484692e+00  +2.9730487940220782e+00  5.2961504192305888e+00  +2.0000000000000000e+00  +2.1827884101855064e+00
+1.28000000e+00  +2.5931554484613568e+00  +4.5828407692639939e+00  5.2656324118108566e+00  +2.0000000000000000e+00  +2.2253126473830425e+00
+1.30000000e+00  +2.8897309416476880e-01  +5.2271944030854085e+00  5.2351759069584833e+00  +2.0000000000000000e+00  +2.2676708600594875e+00
+1.32000000e+00  -2.0475591744054498e+00  +4.7851142282703378e+00  5.2047878679430495e+00  +2.0000000000000000e+00  +2.3098721667538538e+00
+1.34000000e+00  -3.9340267899306052e+00  +3.3613428891004897e+00  5.1744751233335862e+00  +2.0000000000000000e+00  +2.3519249324221136e+00
+1.36000000e+00  -4.9871276572890935e+00  +1.2616685975710100e+00  5.1442443488032916e+00  +2.0000000000000000e+00  +2.3938368459173867e+00
+1.38000000e+00  -5.0003042804969500e+00  -1.0728452348513797e+00  5.1141020517290654e+00  +2.0000000000000000e+00  +2.4356149876893087e+00
+1.40000000e+00  -3.9838642226356411e+00  -3.1585497632690060e+00  5.0840545582677388e+00  +2.0000000000000000e+00  +2.4772658891494626e+00
+1.42000000e+00  -2.1598904547858853e+00  -4.5693414104979331e+00  5.0541080026416552e+00  +2.0000000000000000e+00  +2.5187955849047721e+00
+1.44000000e+00  +8.6338994571389965e-02  -5.0235264220683478e+00  5.0242683183924814e+00  +2.0000000000000000e+00  +2.5602096588622287e+00
+1.46000000e+00  +2.2877895896968434e+00  -4.4397591044383926e+00  4.9945412314014233e+00  +2.0000000000000000e+00  +2.6015132850465372e+00
+1.48000000e+00  +3.9927482350896319e+00  -2.9510191159674051e+00  4.9649322544840846e+00  +2.0000000000000000e+00  +2.6427112638397081e+00
+1.50000000e+00  +4.8573755119291722e+00  -8.7437812233813739e-01  4.9354466834029074e+00  +2.0000000000000000e+00  +2.6838080542425220e+00
+1.52000000e+00  +4.7148049881614691e+00  +1.3565872730369879e+00  4.9060895941429976e+00  +2.0000000000000000e+00  +2.7248078026674674e+00
+1.54000000e+00  +3.6069617722750000e+00  +3.2823234465250875e+00  4.8768658413228403e+00  +2.0000000000000000e+00  +2.7657143686977408e+00
+1.56000000e+00  +1.7731251034699922e+00  +4.5118730982266824e+00  4.8477800576198913e+00  +2.0000000000000000e+00  +2.8065313481842051e+00
+1.58000000e+00  -4.0178755062656918e-01  +4.8020572115519951e+00  4.8188366540957812e+00  +2.0000000000000000e+00  +2.8472620939997446e+00
+1.60000000e+00  -2.4680350773618671e+00  +4.1052751852770681e+00  4.7900398213313702e+00  +2.0000000000000000e+00  +2.8879097347262142e+00
+1.62000000e+00  -4.0040000065062626e+00  +2.5765970401926803e+00  4.7613935312712634e+00  +2.0000000000000000e+00  +2.9284771915118628e+00
+1.64000000e+00  -4.7020765768908763e+00  +5.3928920773608646e-01  4.7329015397033602e+00  +2.0000000000000000e+00  +2.9689671933054607e+00
+1.66000000e+00  -4.4300394927002360e+00  -1.5835733053621344e+00  4.7045673892866411e+00  +2.0000000000000000e+00  +3.0093822906464047e+00
+1.68000000e+00  -3.2557056247341265e+00  -3.3569399148143422e+00  4.6763944130707316e+00  +2.0000000000000000e+00  +3.0497248681670999e+00
+1.70000000e+00  -1.4303807117806655e+00  -4.4228385673225983e+00  4.6483857384290275e+00  +2.0000000000000000e+00  +3.0899971559442063e+00
+1.72000000e+00  +6.6493520775836423e-01  -4.5724490940691789e+00  4.6205442913547223e+00  +2.0000000000000000e+00  +3.1302012398184251e+00
+1.74000000e+00  +2.5990691557827965e+00  -3.7867294714915865e+00  4.5928728010695492e+00  +2.0000000000000000e+00  +3.1703390707879051e+00
+1.76000000e+00  +3.9793316598424426e+00  -2.2377572520793279e+00  4.5653738048771029e+00  +2.0000000000000000e+00  +3.2104124735677559e+00
+1.78000000e+00  +4.5310988338835374e+00  -2.5107371997939198e-01  4.5380496532414716e+00  +2.0000000000000000e+00  +3.2504231543972151e+00
+1.80000000e+00  +4.1522277374391088e+00  +1.7627383006320052e+00  4.5109025150266451e+00  +2.0000000000000000e+00  +3.2903727081665366e+00
+1.82000000e+00  +2.9315752500238843e+00  +3.3928651761276836e+00  4.4839343828754386e+00  +2.0000000000000000e+00  +3.3302626249273621e+00
+1.84000000e+00  +1.1283569209676816e+00  +4.3119567182215501e+00  4.4571470786716949e+00  +2.0000000000000000e+00  +3.3700942958431352e+00
+1.86000000e+00  -8.8289941359719726e-01  +4.3416809342823433e+00  4.4305422590966304e+00  +2.0000000000000000e+00  +3.4098690186297489e+00
+1.88000000e+00  -2.6901191680056971e+00  +3.4870538215639817e+00  4.4041214211867086e+00  +2.0000000000000000e+00  +3.4495880025310628e+00
+1.90000000e+00  -3.9280277324080597e+00  +1.9329984884632740e+00  4.3778859079432513e+00  +2.0000000000000000e+00  +3.4892523728690170e+00
+1.92000000e+00  -4.3518347286660370e+00  +4.3611440560016937e-03  4.3518369139021376e+00  +2.0000000000000000e+00  +3.5288631752037309e+00
+1.94000000e+00  -3.8854263830376903e+00  -1.9019794341854268e+00  4.3259754906922048e+00  +2.0000000000000000e+00  +3.5684213791351347e+00
+1.96000000e+00  -2.6346273037847738e+00  -3.3987263810929167e+00  4.3003025525403649e+00  +2.0000000000000000e+00  +3.6079278817742821e+00
+1.98000000e+00  -8.6332108529517471e-01  -4.1867353839321133e+00  4.2748188817053316e+00  +2.0000000000000000e+00  +3.6473835109094388e+00
+2.00000000e+00  +1.0622094506512731e+00  -4.1146293814054724e+00  4.2495251338682607e+00  +2.0000000000000000e+00  +3.6867890278893327e+00
+2.02000000e+00  +2.7489877772477365e+00  -3.2076168897553758e+00  4.2244218433889156e+00  +2.0000000000000000e+00  +3.7261451302435296e+00
+2.04000000e+00  +3.8574587399552418e+00  -1.6600878017821832e+00  4.1995094285027008e+00  +2.0000000000000000e+00  +3.7654524540576841e+00
+2.06000000e+00  +4.1697018256911802e+00  +2.0601740102773944e-01  4.1747881963877624e+00  +2.0000000000000000e+00  +3.8047115761194643e+00
+2.08000000e+00  +3.6320718686651672e+00  +2.0081579362851065e+00  4.1502583481289133e+00  +2.0000000000000000e+00  +3.8439230158491307e+00
+2.10000000e+00  +2.3639693337225776e+00  +3.3815476782226059e+00  4.1259199835762042e+00  +2.0000000000000000e+00  +3.8830872370271474e+00
+2.12000000e+00  +6.3141964912655446e-01  +4.0528819178729716e+00  4.1017731060511862e+00  +2.0000000000000000e+00  +3.9222046493296752e+00
+2.14000000e+00  -1.2087129245229793e+00  +3.8945615497587696e+00  4.0778176269627755e+00  +2.0000000000000000e+00  +3.9612756096814419e+00
+2.16000000e+00  -2.7821853120979756e+00  +2.9486935442590418e+00  4.0540533702467041e+00  +2.0000000000000000e+00  +4.0003004234342203e+00
+2.18000000e+00  -3.7734001752987179e+00  +1.4164112277022198e+00  4.0304800767284910e+00  +2.0000000000000000e+00  +4.0392793453779205e+00
+2.20000000e+00  -3.9885724121500643e+00  -3.8486329114893719e-01  4.0070974083291979e+00  +2.0000000000000000e+00  +4.0782125805902378e+00
+2.22000000e+00  -3.3934254538749822e+00  -2.0871421505539480e+00  3.9839049521324661e+00  +2.0000000000000000e+00  +4.1171002851297107e+00
+2.24000000e+00  -2.1181269379864598e+00  -3.3469814318597586e+00  3.9609022243218646e+00  +2.0000000000000000e+00  +4.1559425665760363e+00
+2.26000000e+00  -4.2889549763175544e-01  -3.9146635943117780e+00  3.9380886740294208e+00  +2.0000000000000000e+00  +4.1947394844205474e+00
+2.28000000e+00  +1.3275447402326774e+00  -3.6835418888358320e+00  3.9154636869887702e+00  +2.0000000000000000e+00  +4.2334910503088050e+00
+2.30000000e+00  +2.7950804401137237e+00  -2.7098305033427197e+00  3.8930265891145650e+00  +1.9999999999999998e+00  +4.2721972281362888e+00
+2.32000000e+00  +3.6803224079611518e+00  -1.1992242688937937e+00  3.8707766499301952e+00  +2.0000000000000000e+00  +4.3108579339973510e+00
+2.34000000e+00  +3.8111334622925699e+00  +5.3652040970623704e-01  3.8487130858817600e+00  +2.0000000000000000e+00  +4.3494730359865548e+00
+2.36000000e+00  +3.1699235615486705e+00  +2.1438869414619814e+00  3.8268350635783372e+00  +2.0000000000000004e+00  +4.3880423538506861e+00
+2.38000000e+00  +1.8953117136113431e+00  +3.2995297977709424e+00  3.8051417027662349e+00  +2.0000000000000000e+00  +4.4265656584887045e+00
+2.40000000e+00  +2.5222256942046922e-01  +3.7752159524907611e+00  3.7836320794265643e+00  +2.0000000000000004e+00  +4.4650426712959321e+00
+2.42000000e+00  -1.4231455549741718e+00  +3.4827571493768756e+00  3.7623052284707690e+00  +2.0000000000000004e+00  +4.5034730633477631e+00
+2.44000000e+00  -2.7920580094552698e+00  +2.4901187350663365e+00  3.7411601466512625e+00  +1.9999999999999998e+00  +4.5418564544170144e+00
+2.46000000e+00  -3.5816458351971310e+00  +1.0058180077811383e+00  3.7201957950572671e+00  +1.9999999999999996e+00  +4.5801924118179622e+00
+2.48000000e+00  -3.6391792947875561e+00  -6.6484325982908432e-01  3.6994111017499280e+00  +2.0000000000000004e+00  +4.6184804490687883e+00
+2.50000000e+00  -2.9614441421176299e+00  -2.1825339763148874e+00  3.6788049642039597e+00  +2.0000000000000000e+00  +4.6567200243628504e+00
+2.52000000e+00  -1.6936072068343666e+00  -3.2427475119515368e+00  3.6583762514685647e+00  +2.0000000000000004e+00  +4.6949105388377106e+00
+2.54000000e+00  -9.8177689825204223e-02  -3.6367988635757813e+00  3.6381238067011283e+00  +1.9999999999999998e+00  +4.7330513346292413e+00
+2.56000000e+00  +1.4993116122424961e+00  -3.2927685611798276e+00  3.6180464491351496e+00  +2.0000000000000000e+00  +4.7711416926963928e+00
+2.58000000e+00  +2.7766720925007773e+00  -2.2883891644489895e+00  3.5981429762087260e+00  +2.0000000000000000e+00  +4.8091808304002024e+00
+2.60000000e+00  +3.4799582658700872e+00  -8.3362107354975656e-01  3.5784121655370824e+00  +1.9999999999999998e+00  +4.8471678988185216e+00
+2.62000000e+00  +3.4738435223993909e+00  +7.7320389893867802e-01  3.5588527768720892e+00  +1.9999999999999998e+00  +4.8851019797754640e+00
+2.64000000e+00  +2.7675036658542185e+00  +2.2065189120337889e+00  3.5394635539413755e+00  +1.9999999999999998e+00  +4.9229820825618784e+00
+2.66000000e+00  +1.5110920298191386e+00  +3.1794202692405849e+00  3.5202432261195811e+00  +2.0000000000000004e+00  +4.9608071403201572e+00
+2.68000000e+00  -3.6131064487993969e-02  +3.5010040752347478e+00  3.5011905101881200e+00  +1.9999999999999996e+00  +4.9985760060631783e+00
+2.70000000e+00  -1.5592608042815195e+00  +3.1137032089725087e+00  3.4823041121266747e+00  +2.0000000000000000e+00  +5.0362874482933782e+00
+2.72000000e+00  -2.7517864329579882e+00  +2.1033489354661437e+00  3.4635827284674763e+00  +2.0000000000000000e+00  +5.0739401461835012e+00
+2.74000000e+00  -3.3771954978830605e+00  +6.8025594347245466e-01  3.4450250477393065e+00  +2.0000000000000004e+00  +5.1115326842755682e+00
+2.76000000e+00  -3.3157793949203649e+00  -8.6452210098342863e-01  3.4266297522299172e+00  +2.0000000000000000e+00  +5.1490635466489323e+00
+2.78000000e+00  -2.5873995860941896e+00  -2.2186760459703656e+00  3.4083955191677915e+00  +2.0000000000000000e+00  +5.1865311105016803e+00
+2.80000000e+00  -1.3459171871848248e+00  -3.1117171400263217e+00  3.3903210223064573e+00  +1.9999999999999993e+00  +5.2239336390821931e+00
+2.82000000e+00  +1.5326405556389772e-01  -3.3689204740891139e+00  3.3724049329024406e+00  +2.0000000000000004e+00  +5.2612692738989901e+00
+2.84000000e+00  +1.6057044285670534e+00  -2.9453968400120822e+00  3.3546459212669535e+00  +2.0000000000000000e+00  +5.2985360261270342e+00
+2.86000000e+00  +2.7196986365665512e+00  -1.9336734535696738e+00  3.3370426576209700e+00  +1.9999999999999989e+00  +5.3357317671171103e+00
+2.88000000e+00  +3.2747886823160179e+00  -5.4356432668944032e-01  3.3195938141698038e+00  +1.9999999999999996e+00  +5.3728542179014580e+00
+2.90000000e+00  +3.1652981638117441e+00  +9.4130762690252834e-01  3.3022980656347283e+00  +1.9999999999999991e+00  +5.4099009375732727e+00
+2.92000000e+00  +2.4203114900400862e+00  +2.2213351137309743e+00  3.2851540901933753e+00  +1.9999999999999991e+00  +5.4468693103993120e+00
+2.94000000e+00  +1.1963513497675666e+00  +3.0413182944924446e+00  3.2681605714078845e+00  +2.0000000000000000e+00  +5.4837565315036123e+00
+2.96000000e+00  -2.5546655655393652e-01  +3.2412642384709818e+00  3.2513161988813697e+00  +2.0000000000000000e+00  +5.5205595909349778e+00
+2.98000000e+00  -1.6409181042874073e+00  +2.7874992700224723e+00  3.2346196693512508e+00  +2.0000000000000000e+00  +5.5572752559012786e+00
+3.00000000e+00  -2.6822474231440796e+00  +1.7780667255015494e+00  3.2180696883844604e+00  +2.0000000000000004e+00  +5.5939000509184140e+00
